9
0 0
2 0
4 0
0 2
2 2
4 2
0 4
2 4
4 4

27
0 0
0.5 0
1 0
1.5 0
2 0
2.5 0
3 0
3.5 0
4 0
0 2
0.5 2
1 2
1.5 2
2 2
2.5 2
3 2
3.5 2
4 2
0 4
0.5 4
1 4
1.5 4
2 4
2.5 4
3 4
3.5 4
4 4


15
0 0
1 0
2 0
3 0
4 0
0 2
1 2
2 2
3 2
4 2
0 4
1 4
2 4
3 4
4 4

9
0 0
2 0
4 0
0 2
2 2
4 2
0 4
2 4
4 4

14
0 0
1 0
2 0
3 0
4 0
5 0
6 0
0 2
1 2
2 2
3 2
4 2
5 2
6 2


8
0 0
2 0
3 0
6 0
0 2
2 2
3 2
6 2



14
0 0
1.5 0
3 0
4.5 0
6 0
7.5 0
9 0
0 2
1.5 2
3 2
4.5 2
6 2
7.5 2
9 2
