6
1 2 5 1
2 3 6 1
3 4 7 1
2 5 6 1
3 6 7 1
4 7 8 1

8
1 2 4 1
2 3 5 1
2 4 5 1
3 5 6 1
4 5 7 1
5 6 8 1
5 7 8 1
6 8 9 1

32
1 2 10 1
2 3 11 1
3 4 12 1
4 5 13 1
5 6 14 1
6 7 15 1
7 8 16 1
8 9 17 1
2 10 11 1
3 11 12 1
4 12 13 1
5 13 14 1
6 14 15 1
7 15 16 1
8 16 17 1
9 17 18 1
10 11 19 1
11 12 20 1
12 13 21 1
13 14 22 1
14 15 23 1
15 16 24 1
16 17 25 1
17 18 26 1
11 19 20 1
12 20 21 1
13 21 22 1
14 22 23 1
15 23 24 1
16 24 25 1
17 25 26 1
18 26 27 1

16
1 2 6 1
2 3 7 1
3 4 8 1
4 5 9 1
2 6 7 1
3 7 8 1
4 8 9 1
5 9 10 1
6 7 11 1
7 8 12 1
8 9 13 1
9 10 14 1
7 11 12 1
8 12 13 1
9 13 14 1
10 14 15 1


8
1 2 4 1
2 3 5 1
2 4 5 1
3 5 6 1
4 5 7 1
5 6 8 1
5 7 8 1
6 8 9 1

12
1 2 8 1
2 3 9 1
3 4 10 1
4 5 11 1
5 6 12 1
6 7 13 1
2 8 9 1
3 9 10 1
4 10 11 1
5 11 12 1
6 12 13 1
7 13 14 1

6
1 2 5 1
2 3 6 1
3 4 7 1
2 5 6 1
3 6 7 1
4 7 8 1
