10
9
-92.999989999999997  -64.000000000000000 -38.000000000000000 -39.000000000000000 1.000000000000000   -8.000000000000000  8.000000000000000   64.000000000000000  61.000000000000000  108.000000000000000 
16.000010000000000  18.000000000000000  20.000000000000000  23.000000000000000  20.000000000000000  10.000000000000000  14.000000000000000  20.000000000000000  19.000000000000000  22.000000000000000  
0.000000000000000   0.000000000000000   0.000000000000000   0.000000000000000   0.000000000000000   0.000000000000000   0.000000000000000   0.000000000000000   0.000000000000000   
0.000000000000000   0.000000000000000   0.000000000000000   0.000000000000000   0.000000000000000   0.000000000000000   0.000000000000000   0.000000000000000   -1.000000000000000  
0.000000000000000   0.000000000000000   0.000000000000000   0.000000000000000   0.000000000000000   0.000000000000000   0.000000000000000   -2.000000000000000  -4.000000000000000  
0.000000000000000   0.000000000000000   0.000000000000000   0.000000000000000   0.000000000000000   0.000000000000000   0.000000000000000   -4.000000000000000  -4.000000000000000  
0.000000000000000   0.000000000000000   0.000000000000000   0.000000000000000   0.000000000000000   -3.000000000000000  -3.000000000000000  -2.000000000000000  -4.000000000000000  
0.000000000000000   0.000000000000000   0.000000000000000   0.000000000000000   0.000000000000000   0.000000000000000   -1.000000000000000  -2.000000000000000  -1.000000000000000  
0.000000000000000   0.000000000000000   0.000000000000000   -1.000000000000000  0.000000000000000   -2.000000000000000  -2.000000000000000  -1.000000000000000  -1.000000000000000  
0.000000000000000   0.000000000000000   -4.000000000000000  -2.000000000000000  -3.000000000000000  -2.000000000000000  -2.000000000000000  -1.000000000000000  -1.000000000000000  
0.000000000000000   -3.000000000000000  0.000000000000000   -2.000000000000000  -1.000000000000000  -1.000000000000000  -3.000000000000000  -4.000000000000000  -2.000000000000000  
-2.000000000000000  -4.000000000000000  0.000000000000000   -4.000000000000000  -3.000000000000000  -1.000000000000000  -2.000000000000000  -3.000000000000000  -3.000000000000000  
16.100000000000001  -1.000000000000000  -2.000000000000000  0.000000000000000   -3.000000000000000  0.000000000000000   -1.000000000000000  -4.000000000000000  -3.000000000000000  -2.000000000000000  -92.900000000000006 
-1.000000000000000  18.000000000000000  -4.000000000000000  -4.000000000000000  -3.000000000000000  0.000000000000000   0.000000000000000   -2.000000000000000  0.000000000000000   -4.000000000000000  -64.000000000000000 
-2.000000000000000  -4.000000000000000  20.000000000000000  -4.000000000000000  -2.000000000000000  -1.000000000000000  -2.000000000000000  -3.000000000000000  -2.000000000000000  0.000000000000000   -38.000000000000000 
0.000000000000000   -4.000000000000000  -4.000000000000000  23.000000000000000  -4.000000000000000  -2.000000000000000  -2.000000000000000  -2.000000000000000  -1.000000000000000  -4.000000000000000  -39.000000000000000 
-3.000000000000000  -3.000000000000000  -2.000000000000000  -4.000000000000000  20.000000000000000  -1.000000000000000  -1.000000000000000  -2.000000000000000  -1.000000000000000  -3.000000000000000  1.000000000000000   
0.000000000000000   0.000000000000000   -1.000000000000000  -2.000000000000000  -1.000000000000000  10.000000000000000  -1.000000000000000  -1.000000000000000  -3.000000000000000  -1.000000000000000  -8.000000000000000  
-1.000000000000000  0.000000000000000   -2.000000000000000  -2.000000000000000  -1.000000000000000  -1.000000000000000  14.000000000000000  -1.000000000000000  -4.000000000000000  -2.000000000000000  8.000000000000000   
-4.000000000000000  -2.000000000000000  -3.000000000000000  -2.000000000000000  -2.000000000000000  -1.000000000000000  -1.000000000000000  20.000000000000000  -2.000000000000000  -3.000000000000000  64.000000000000000  
-3.000000000000000  0.000000000000000   -2.000000000000000  -1.000000000000000  -1.000000000000000  -3.000000000000000  -4.000000000000000  -2.000000000000000  19.000000000000000  -3.000000000000000  61.000000000000000  
-2.000000000000000  -4.000000000000000  0.000000000000000   -4.000000000000000  -3.000000000000000  -1.000000000000000  -2.000000000000000  -3.000000000000000  -3.000000000000000  22.000000000000000  108.000000000000000 
