10
20.100000 -1.000000 0.000000  -2.000000 0.000000  -4.000000 -3.000000 -2.000000 -4.000000 -4.000000 -126.900002
-1.000000 23.000000 -3.000000 -4.000000 -2.000000 -3.000000 -3.000000 -2.000000 -4.000000 -1.000000 -91.000000
0.000000  -3.000000 22.000000 -4.000000 -1.000000 -3.000000 -1.000000 -4.000000 -4.000000 -2.000000 -74.000000
-2.000000 -4.000000 -4.000000 24.000000 0.000000  -4.000000 -1.000000 -4.000000 -1.000000 -4.000000 -38.000000
0.000000  -2.000000 -1.000000 0.000000  14.000000 -3.000000 -3.000000 -1.000000 -2.000000 -2.000000 -22.000000
-4.000000 -3.000000 -3.000000 -4.000000 -3.000000 26.000000 -2.000000 -1.000000 -4.000000 -2.000000 28.000000 
-3.000000 -3.000000 -1.000000 -1.000000 -3.000000 -2.000000 17.000000 -1.000000 0.000000  -3.000000 38.000000 
-2.000000 -2.000000 -4.000000 -4.000000 -1.000000 -1.000000 -1.000000 21.000000 -3.000000 -3.000000 59.000000 
-4.000000 -4.000000 -4.000000 -1.000000 -2.000000 -4.000000 0.000000  -3.000000 22.000000 0.000000  112.000000
-4.000000 -1.000000 -2.000000 -4.000000 -2.000000 -2.000000 -3.000000 -3.000000 0.000000  21.000000 115.000000




16.000000000000000  -1.000000000000000  -2.000000000000000  0.000000000000000   -3.000000000000000  0.000000000000000   -1.000000000000000  -4.000000000000000  -3.000000000000000  -2.000000000000000  -93.000000000000000 
-1.000000000000000  18.000000000000000  -4.000000000000000  -4.000000000000000  -3.000000000000000  0.000000000000000   0.000000000000000   -2.000000000000000  0.000000000000000   -4.000000000000000  -64.000000000000000 
-2.000000000000000  -4.000000000000000  20.000000000000000  -4.000000000000000  -2.000000000000000  -1.000000000000000  -2.000000000000000  -3.000000000000000  -2.000000000000000  0.000000000000000   -38.000000000000000 
0.000000000000000   -4.000000000000000  -4.000000000000000  23.000000000000000  -4.000000000000000  -2.000000000000000  -2.000000000000000  -2.000000000000000  -1.000000000000000  -4.000000000000000  -39.000000000000000 
-3.000000000000000  -3.000000000000000  -2.000000000000000  -4.000000000000000  20.000000000000000  -1.000000000000000  -1.000000000000000  -2.000000000000000  -1.000000000000000  -3.000000000000000  1.000000000000000   
0.000000000000000   0.000000000000000   -1.000000000000000  -2.000000000000000  -1.000000000000000  10.000000000000000  -1.000000000000000  -1.000000000000000  -3.000000000000000  -1.000000000000000  -8.000000000000000  
-1.000000000000000  0.000000000000000   -2.000000000000000  -2.000000000000000  -1.000000000000000  -1.000000000000000  14.000000000000000  -1.000000000000000  -4.000000000000000  -2.000000000000000  8.000000000000000   
-4.000000000000000  -2.000000000000000  -3.000000000000000  -2.000000000000000  -2.000000000000000  -1.000000000000000  -1.000000000000000  20.000000000000000  -2.000000000000000  -3.000000000000000  64.000000000000000  
-3.000000000000000  0.000000000000000   -2.000000000000000  -1.000000000000000  -1.000000000000000  -3.000000000000000  -4.000000000000000  -2.000000000000000  19.000000000000000  -3.000000000000000  61.000000000000000  
-2.000000000000000  -4.000000000000000  0.000000000000000   -4.000000000000000  -3.000000000000000  -1.000000000000000  -2.000000000000000  -3.000000000000000  -3.000000000000000  22.000000000000000  108.000000000000000 

16.010000000000002  -1.000000000000000  -2.000000000000000  0.000000000000000   -3.000000000000000  0.000000000000000   -1.000000000000000  -4.000000000000000  -3.000000000000000  -2.000000000000000  -92.989999999999995 

16.001000000000001  -1.000000000000000  -2.000000000000000  0.000000000000000   -3.000000000000000  0.000000000000000   -1.000000000000000  -4.000000000000000  -3.000000000000000  -2.000000000000000  -92.998999999999995 

16.000100000000000  -1.000000000000000  -2.000000000000000  0.000000000000000   -3.000000000000000  0.000000000000000   -1.000000000000000  -4.000000000000000  -3.000000000000000  -2.000000000000000  -92.999899999999997 

16.000010000000000  -1.000000000000000  -2.000000000000000  0.000000000000000   -3.000000000000000  0.000000000000000   -1.000000000000000  -4.000000000000000  -3.000000000000000  -2.000000000000000  -92.999989999999997 

16.000001000000001  -1.000000000000000  -2.000000000000000  0.000000000000000   -3.000000000000000  0.000000000000000   -1.000000000000000  -4.000000000000000  -3.000000000000000  -2.000000000000000  -92.999999000000003 

16.000000100000001  -1.000000000000000  -2.000000000000000  0.000000000000000   -3.000000000000000  0.000000000000000   -1.000000000000000  -4.000000000000000  -3.000000000000000  -2.000000000000000  -92.999999900000006 

8 16.000000010000001  -1.000000000000000  -2.000000000000000  0.000000000000000   -3.000000000000000  0.000000000000000   -1.000000000000000  -4.000000000000000  -3.000000000000000  -2.000000000000000  -92.999999989999992

16.000000001000000  -1.000000000000000  -2.000000000000000  0.000000000000000   -3.000000000000000  0.000000000000000   -1.000000000000000  -4.000000000000000  -3.000000000000000  -2.000000000000000  -92.999999998999996

16.000000000099998  -1.000000000000000  -2.000000000000000  0.000000000000000   -3.000000000000000  0.000000000000000   -1.000000000000000  -4.000000000000000  -3.000000000000000  -2.000000000000000  -92.999999999899998 

16.000000000010001  -1.000000000000000  -2.000000000000000  0.000000000000000   -3.000000000000000  0.000000000000000   -1.000000000000000  -4.000000000000000  -3.000000000000000  -2.000000000000000  -92.999999999989996 

16.000000000000998  -1.000000000000000  -2.000000000000000  0.000000000000000   -3.000000000000000  0.000000000000000   -1.000000000000000  -4.000000000000000  -3.000000000000000  -2.000000000000000  -92.999999999999005 

16.000000000000099  -1.000000000000000  -2.000000000000000  0.000000000000000   -3.000000000000000  0.000000000000000   -1.000000000000000  -4.000000000000000  -3.000000000000000  -2.000000000000000  -92.999999999999901 

16.000000000000011  -1.000000000000000  -2.000000000000000  0.000000000000000   -3.000000000000000  0.000000000000000   -1.000000000000000  -4.000000000000000  -3.000000000000000  -2.000000000000000  -92.999999999999986 

15 16.000000000000000  -1.000000000000000  -2.000000000000000  0.000000000000000   -3.000000000000000  0.000000000000000   -1.000000000000000  -4.000000000000000  -3.000000000000000  -2.000000000000000  -93.000000000000000 
