1 1 1 1 1 1 1 1 1
1 1 1 1 1 1 1 1 1
1 1 1 1 1 1 1 1 1

0 10.125 20.25 0 10.125 20.25 0 10.125 20.25
0 32 64 0 32 64 0 32 64
0 78.125 156.25 0 78.125 156.25 0 78.125 156.25

0 0 0 0 0 0 0 0 0
0 2 4 0 2 4 0 2 4
0 32 64 0 32 64 0 32 64

0 2 4 2 4 6 4 6 8
0.000001 2.000001 4.000001 2.000001 4.000001 6.000001 4.000001 6.000001 8.000001
0.000002 2.000002 4.000002 2.000002 4.000002 6.000002 4.000002 6.000002 8.000002

0 2 4 2 4 6 4 6 8
0.02499739591471 2.02499739591471 4.02499739591471 2.02499739591471 4.02499739591471 6.02499739591471 4.02499739591471 6.02499739591471 8.02499739591471
0.04997916927068 2.04997916927068 4.04997916927068 2.04997916927068 4.04997916927068 6.04997916927068 4.04997916927068 6.04997916927068 8.04997916927068

0 2 4 2 4 6 4 6 8
0.38941834230865 2.38941834230865 4.38941834230865 2.38941834230865 4.38941834230865 6.38941834230865 4.38941834230865 6.38941834230865 8.38941834230865
0.71735609089952 2.71735609089952 4.71735609089952 2.71735609089952 4.71735609089952 6.71735609089952 4.71735609089952 6.71735609089952 8.71735609089952

0 2 4 2 4 6 4 6 8
0.19866933079506 2.19866933079506 4.19866933079506 2.19866933079506 4.19866933079506 6.19866933079506 4.19866933079506 6.19866933079506 8.19866933079506
0.38941834230865 2.38941834230865 4.38941834230865 2.38941834230865 4.38941834230865 6.38941834230865 4.38941834230865 6.38941834230865 8.38941834230865

0 2 4 2 4 6 4 6 8
0.09983341664683 2.09983341664683 4.09983341664683 2.09983341664683 4.09983341664683 6.09983341664683 4.09983341664683 6.09983341664683 8.09983341664683
0.19866933079506 2.19866933079506 4.19866933079506 2.19866933079506 4.19866933079506 6.19866933079506 4.19866933079506 6.19866933079506 8.19866933079506

0 2 4 2 4 6 4 6 8
0.0624593178424 2.0624593178424 4.0624593178424 2.0624593178424 4.0624593178424 6.0624593178424 4.0624593178424 6.0624593178424 8.0624593178424
0.1246747333852 2.1246747333852 4.1246747333852 2.1246747333852 4.1246747333852 6.1246747333852 4.1246747333852 6.1246747333852 8.1246747333852

0 2 4 2 4 6 4 6 8
0.1246747333852 2.1246747333852 4.1246747333852 2.1246747333852 4.1246747333852 6.1246747333852 4.1246747333852 6.1246747333852 8.1246747333852
0.2474039592545 2.2474039592545 4.2474039592545 2.2474039592545 4.2474039592545 6.2474039592545 4.2474039592545 6.2474039592545 8.2474039592545

0 2 4 2 4 6 4 6 8
0.2474039592545 2.2474039592545 4.2474039592545 2.2474039592545 4.2474039592545 6.2474039592545 4.2474039592545 6.2474039592545 8.2474039592545
0.4794255386042 2.4794255386042 4.4794255386042 2.4794255386042 4.4794255386042 6.4794255386042 4.4794255386042 6.4794255386042 8.4794255386042

0 2 4 2 4 6 4 6 8
0.4794255386042 2.4794255386042 4.4794255386042 2.4794255386042 4.4794255386042 6.4794255386042 4.4794255386042 6.4794255386042 8.4794255386042
0.8414709848078 2.8414709848079 4.8414709848079 2.8414709848079 4.8414709848079 6.8414709848079 4.8414709848079 6.8414709848079 8.8414709848079

0 2 4 2 4 6 4 6 8
0.8414709848078 2.8414709848079 4.8414709848079 2.8414709848079 4.8414709848079 6.8414709848079 4.8414709848079 6.8414709848079 8.8414709848079
0.9092974268256 2.9092974268256 4.9092974268256 2.9092974268256 4.9092974268256 6.9092974268256 4.9092974268256 6.9092974268256 8.9092974268256

0 0 0 0 0 0 0 0 0
0 2 4 0 2 4 0 2 4
0 16 32 0 16 32 0 16 32

0 0 0 0 0 0 0 0 0
0 2 4 0 2 4 0 2 4
0 32 64 0 32 64 0 32 64

0 0 0 0 0 0 0 0 0
0 2 4 0 2 4 0 2 4
0 8 16 0 8 16 0 8 16

0 0 0 0 0 0 0 0 0
0 2 4 0 2 4 0 2 4
0 4 8 0 4 8 0 4 8

0 2 4 0 2 4 0 2 4
2 4 6 2 4 6 2 4 6
16 18 20 16 18 20 16 18 20