12
4
0.0000000000001
1000000
1.5

0 0 0 0 0 0 0 0 0 0 0 0
58 73 51 131 75 127 61 54 175 86 44 56

8 9 5 10 6 9 5 5 13 6 3 3
2 1 0 1 0 0 0 3 0 0 1
2 1 2 1 1 0
3 2 3 0 1
4 1 2 1
1 2 1 3 3 7 3 1 2 1 0
1 0 1 4 1 2
4 3 1 0 1
1 2 1 3



12
4
0.0000000000001
1000000
1.6

0 0 0 0 0 0 0 0 0 0 0 0
-42 -37 -21 -51 -15 -19 9 26 59 34 22 16

8 9 5 10 6 9 5 5 13 6 3 3
-2 -1 0 -1 0 0 0 -3 0 0 -1
-2 -1 -2 -1 -1 0
-3 -2 -3 0 -1
-4 -1 -2 -1
-1 -2 -1 -3 -3 -7 -3 -1 -2 -1 0
-1 0 -1 -4 -1 -2
-4 -3 -1 0 -1
-1 -2 -1 -3




























58 73 51 131 60 85 54 87 175 86 44 56

8 9 5 10 3 2 4 9 13 6 3 3
2 1 0 1 0 0 0 3 0 0 1
2 1 2 1 1 0
3 2 3 0 1
4 1 2 1
1 2 1 3 3 7 3 1 2 1 0
1 0 1 4 1 2
4 3 1 0 1
1 2 1 3








5
0
15 15 15 15 15

1 1 1 1 1

1 1 1 1
1 1 1
1 1
1
1 1 1 1
1 1 1
1 1
1


8
3
24 21 17 12 15 19 24 21


1 1 1 1 1 1 1 1

1 1 1 1 1 1 1
1 1 1
1 1
1

1 1 1 1 1 1 1
1 1 1
1 1
1












8 3
1 3 2 0 0 1 3 3

1 1 1 1 1 1 1 1

1 1 1 1 1 1 1
1 1 1
1 1
1
0 0 0 0 0 0 0
0 0 0
0 0
0

5
0
15 14 12 9 5

1 1 1 1 1

0 0 0 0
0 0 0
0 0
0
1 1 1 1
1 1 1
1 1
1

24 21 17 12 15 18 21 15


91 63 39 20 25 33 45 44 

1 1 1 1 1 1 1 1

2 2 2 2 2 2 2
3 3 3
4 4 
5

2 2 2 2 2 2 2
3 3 3
4 4 
5

91 63 39 20 25 33 45 44 


1 3 5 7 9 12 16 21